0 -2.28698976565447
385.40092813472 -2.24308985597721
770.801856269634 -2.21906265464697
1156.20278440435 -2.20287585828326
1541.60371253927 -2.18591127151933
1927.00464067409 -2.17481378351509
2312.40556880901 -2.16402074652436
2697.80649694373 -2.1332811013617
3083.20742507864 -2.08872958411155
3468.60835321336 -2.03898932407082
3854.00928134828 -1.99331082786617
4239.410209483 -1.94617603774717
4624.81113761791 -1.91520711988715
5010.21206575263 -1.89096361560016
5395.61299388765 -1.89021248812986
5781.01392202237 -1.90865558046977
6166.41485015728 -1.96093331265416
6551.815778292 -2.03289919062092
6937.21670642692 -2.13252415760864
7322.61763456164 -2.2513479138378
7708.01856269655 -2.38391826047162
8093.41949083127 -2.539954894547
8478.82041896629 -2.71375059639985
8864.22134710101 -2.87641669957513
9249.62227523593 -3.04813869623437
9635.02320337065 -3.22330793691035
10020.4241315056 -3.38078113646702
10405.8250596403 -3.53451732963674
10791.2259877752 -3.67185346900499
11176.6269159099 -3.78622330340416
11562.0278440448 -3.89844150043608
11947.4287721797 -3.99153499383584
12332.8297003146 -4.07806486106795
12718.2306284493 -4.15726035191837
13103.6315565842 -4.23510014557814
13489.0324847189 -4.31648220499113
13874.4334128538 -4.41331867561201
14259.8343409886 -4.52719259614379
14645.2352691235 -4.67036825116976
15030.6361972583 -4.83710255963201
15416.0371253932 -5.02356133969
15801.4380535279 -5.23697334064263
16186.8389816628 -5.47539944848797
16572.2399097976 -5.72690952131163
16957.6408379325 -5.96268095271135
17343.0417660672 -6.20570172395077
17728.4426942021 -6.43145555499306
18113.8436223368 -6.63183286694458
18499.2445504719 -6.81003198340875
18884.6454786066 -6.95272203889823
19270.0464067415 -7.06116781219598
19655.4473348762 -7.13789237898408
20040.8482630111 -7.17950511832173
20426.2491911458 -7.18263190565213
20811.6501192808 -7.15581278804081
21197.0510474155 -7.10772974151229
21582.4519755504 -7.01908879841924
21967.8529036852 -6.9428927402117
22353.2538318201 -6.8285652644427
22738.6547599548 -6.68130668907365
23124.0556880898 -6.52157236290475
23509.4566162245 -6.33821694856277
23894.8575443594 -6.14838911265959
24280.2584724941 -5.9996290326246
24665.659400629 -5.82843896435266
25051.0603287637 -5.64658490341513
25436.4612568988 -5.51071383408871
25821.8621850335 -5.40027873127618
26207.2631131682 -5.28809440691273
26592.6640413031 -5.23581404597313
26978.0649694378 -5.19627712839053
27363.4658975728 -5.17818531667419
27748.8668257075 -5.16306922182011
28134.2677538424 -5.15372982546616
28519.6686819772 -5.14157587458698
28905.0696101121 -5.10324444498844
29290.4705382469 -5.04306010696819
29675.8714663818 -4.9563161903239
30061.2723945165 -4.84748696643853
30446.6733226514 -4.72108614788665
30832.0742507861 -4.61821785432807
31217.475178921 -4.4841643453982
31602.8761070558 -4.39527914196305
31988.2770351908 -4.33728530379634
32373.6779633255 -4.32025905872908
32759.0788914604 -4.35588326540309
33144.4798195951 -4.4424055667846
33529.88074773 -4.57951907152149
33915.2816758648 -4.75950955520895
34300.6826039997 -4.95940099064574
34686.0835321344 -5.15826486431995
35071.4844602694 -5.34770387264648
35456.8853884041 -5.51871323154944
35842.2863165391 -5.65518426671977
36227.6872446738 -5.74842061595794
36613.0881728087 -5.80075703954204
36998.4891009434 -5.81096669840825
37383.8900290783 -5.79117309028226
37769.290957213 -5.74683938547991
38154.691885348 -5.68969171471005
38540.0928134828 -5.63856144163054
38925.4937416177 -5.59922684930823
39310.8946697524 -5.58009946607788
39696.2955978873 -5.58252355137927
40081.696526022 -5.61557192930052
40467.097454157 -5.67444290749977
40852.4983822917 -5.7568310799347
41237.8993104266 -5.85541725326457
41623.3002385613 -5.96742959869838
42008.7011666963 -6.0743135835888
42394.1020948311 -6.19458046752361
42779.503022966 -6.32237585761388
43164.9039511007 -6.4416130854119
43550.3048792356 -6.53783868061217
43935.7058073703 -6.61500747908997
44321.1067355052 -6.68323540972912
44706.50766364 -6.72666090850314
45091.9085917749 -6.7451420436005
45477.3095199097 -6.75132718812455
45862.7104480446 -6.71874566190473
46248.1113761793 -6.66400801234727
46633.5123043142 -6.60591610672649
47018.913232449 -6.53445311506567
47404.3141605839 -6.45910223516918
47789.7150887186 -6.38223426614601
48175.1160168535 -6.32889684502661
48560.5169449883 -6.27827406288488
48945.9178731232 -6.26181290484627
49331.318801258 -6.2622114930689
49716.7197293929 -6.27859867994362
50102.1206575276 -6.29335757109813
50487.5215856625 -6.31516058610483
50872.9225137972 -6.32410023171187
51258.3234419322 -6.31831281084081
51643.724370067 -6.2986813080973
52029.1252982017 -6.22994594654281
52414.5262263366 -6.14153775490605
52799.9271544713 -6.01008403518171
53185.3280826062 -5.85908908428634
53570.729010741 -5.69500031985863
53956.1299388759 -5.52423111668326
54341.5308670106 -5.35483445136971
54726.9317951455 -5.19779776040371
55112.3327232803 -5.06082700030138
55497.7336514153 -4.94746257524345
55883.13457955 -4.85753422238084
56268.5355076849 -4.78869975225026
56653.9364358196 -4.7330316489753
57039.3373639545 -4.68492349913852
57424.7382920892 -4.63039149774829
57810.1392202242 -4.56784825622788
58195.5401483589 -4.48442538978149
58580.9410764939 -4.37249247859466
58966.3420046286 -4.22108712664341
59351.7429327635 -4.03864248667816
59737.1438608982 -3.82814338916544
60122.5447890332 -3.59408310996661
60507.9457171679 -3.33406007996451
60893.3466453028 -3.08024277004943
61278.7475734375 -2.8203459098728
61664.1485015724 -2.57317295647659
62049.5494297073 -2.37020701927042
62434.9503578422 -2.19325120024917
62820.3512859769 -2.06395858510661
63205.7522141118 -1.97734894343192
63591.1531422465 -1.92444854280198
63976.5540703814 -1.89571026358987
64361.9549985162 -1.88738611410537
64747.3559266511 -1.88326234535556
65132.7568547859 -1.85869490066657
65518.1577829208 -1.81074844182124
65903.5587110555 -1.72703896240917
66288.9596391904 -1.59280872256143
66674.3605673252 -1.40795474470376
67059.7614954601 -1.18073536525076
67445.1624235948 -0.933484484977712
67830.5633517297 -0.676648236454304
68215.9642798644 -0.431286859130232
68601.3652079995 -0.205799739483749
68986.7661361342 -0.0144261026662832
69372.1670642691 0.127887310820646
69757.5679924038 0.214139379759619
70142.9689205387 0.243760608739112
70528.3698486735 0.239525314739132
70913.7707768084 0.198937757134591
71299.1717049431 0.139605119352681
71684.5726330781 0.0713613604451854
72069.9735612128 -0.000521488943670577
72455.3744893477 -0.0328616735752376
72840.7754174825 -0.0367189401746984
73226.1763456174 -0.0105745305758883
73611.5772737521 0.0539251037546603
73996.978201887 0.149087048850278
74382.3791300217 0.263268879712697
74767.7800581566 0.374759944518314
75153.1809862915 0.499084572580162
75538.5819144264 0.62073758296662
75923.9828425611 0.704535794147605
76309.383770696 0.768795895909088
76694.7846988307 0.810286255715854
